Legend(1,:)=[0 0 143];
Legend(2,:)=[0 0 159];
Legend(3,:)=[0 0 175];
Legend(4,:)=[0 0 191];
Legend(5,:)=[0 0 207];
Legend(6,:)=[0 0 223];
Legend(7,:)=[0 0 239];
Legend(8,:)=[0 0 255];
Legend(9,:)=[0 15 255];
Legend(10,:)=[0 31 255];
Legend(11,:)=[0 47 255];
Legend(12,:)=[0 63 255];
Legend(13,:)=[0 79 255];
Legend(14,:)=[0 95 255];
Legend(15,:)=[0 111 255];
Legend(16,:)=[0 127 255];
Legend(17,:)=[0 143 255];
Legend(18,:)=[0 159 255];
Legend(19,:)=[0 175 255];
Legend(20,:)=[0 191 255];
Legend(21,:)=[0 207 255];
Legend(22,:)=[0 223 255];
Legend(23,:)=[0 239 255];
Legend(24,:)=[0 255 255];
Legend(25,:)=[15 255 239];
Legend(26,:)=[31 255 223];
Legend(27,:)=[47 255 207];
Legend(28,:)=[63 255 191];
Legend(29,:)=[79 255 175];
Legend(30,:)=[95 255 159];
Legend(31,:)=[111 255 143];
Legend(32,:)=[127 255 127];
Legend(33,:)=[143 255 111];
Legend(34,:)=[159 255 95];
Legend(35,:)=[175 255 79];
Legend(36,:)=[191 255 63];
Legend(37,:)=[207 255 47];
Legend(38,:)=[223 255 31];
Legend(39,:)=[239 255 15];
Legend(40,:)=[255 255 0];
Legend(41,:)=[255 239 0];
Legend(42,:)=[255 223 0];
Legend(43,:)=[255 207 0];
Legend(44,:)=[255 191 0];
Legend(45,:)=[255 175 0];
Legend(46,:)=[255 159 0];
Legend(47,:)=[255 143 0];
Legend(48,:)=[255 127 0];
Legend(49,:)=[255 111 0];
Legend(50,:)=[255 95 0];
Legend(51,:)=[255 79 0];
Legend(52,:)=[255 63 0];
Legend(53,:)=[255 47 0];
Legend(54,:)=[255 31 0];
Legend(55,:)=[255 15 0];
Legend(56,:)=[255 0 0];
Legend(57,:)=[239 0 0];
Legend(58,:)=[223 0 0];
Legend(59,:)=[207 0 0];
Legend(60,:)=[191 0 0];
Legend(61,:)=[175 0 0];
Legend(62,:)=[159 0 0];
Legend(63,:)=[143 0 0];
Legend(64,:)=[127 0 0];